HPPMERL    20230303                                                                                                                                 
DLCT2    4714390010000010   0426000001872672023022300000000000000011000893036303                                        0001500000000000000000000012
DLCT2    4714390010000010   0426000001872672023022300000000000000011000899036305                                        0001500000000000000000000012
DLCT2    4714390010000010   0426000001872672023022300000000000000011000901036306                                        0000025000000000000000000012
DLCT2    4714390010000010   0426000001872672023022800000000000000011000910036526                                        0000025000000000000000000012
DLCT2    4714390010000010   0426000001872672023022800000000000000011000913036535                                        0000025000000000000000000012
DLCT2    4714390010000010   0426000001872672023022800000000000000011000915036536                                        0000025000000000000000000012
DLCT2    4714390010000010   0426000001872672023022800000000000000011000916036543                                        0000025000000000000000000012
DLCT2    4714390010000010   0426000001872672023022800000000000000011000918036545                                        0000010000000000000000000012
DLCT2    4714390010000010   0426000001872672023022800000000000000011000919036546                                        0000010000000000000000000012
DLCT2    4714390010000010   0426000001872672023022800000000000000011000920036547                                        0000010000000000000000000012
DLCT2    4714390010000010   0426000001872672023022800000000000000011000922036549                                        0000010000000000000000000012
DLCT2    4714390010000010   0426000001872672023022800000000000000011000923036550                                        0000010000000000000000000012
DLCT2    4714390010000010   0426000001872672023022800000000000000011000924036552                                        0000010000000000000000000012
DLCT2    4714390010000010   0426000001872672023030100000000000000011000925036554                                        0000010000000000000000000012
DLCT2    4714390010000010   0426000001872672023030100000000000000011000927036563                                        0000010000000000000000000012
DLCT2    4714390010000010   0426000001872672023030100000000000000011000927036563                                        0000010000000000000000000012
DLCT2    4714390010000010   0426000001872672023030100000000000000011000927036563                                        0000010000000000000000000012
DLCT2    4714390010000010   0426000001872672023030100000000000000011000927036563                                        0000010000000000000000000012
DLCT2    4714390010000010   0426000001872672023030100000000000000011000927036563                                        0000010000000000000000000012
DLCT2    4714390010000010   0426000001872672023030100000000000000011000927036563                                        0000010000000000000000000012
DLCT2    4714390010000010   0426000001872672023030100000000000000011000927036563                                        0000010000000000000000000012
DLCT2    4714390010000010   0426000001872672023030100000000000000011000927036563                                        0000010000000000000000000012
DLCT2    4714390010000010   0426000001872672023030100000000000000011000927036563                                        0000010000000000000000000012
DLCT2    4714390010000010   0426000001872672023030100000000000000011000927036563                                        0000010000000000000000000012
DLCT2    4714390010000010   0426000001872672023030100000000000000011000927036563                                        0000010000000000000000000012
DLCT2    4714390010000010   0426000001872672023030100000000000000011000927036563                                        0000010000000000000000000012
DLCT2    4714390010000010   0426000001872672023030100000000000000011000927036563                                        0000010000000000000000000012
DLCT2    4714390010000010   0426000001872672023030100000000000000011000927036563                                        0000010000000000000000000012
DLCT2    4714390010000010   0426000001872672023030100000000000000011000927036563                                        0000010000000000000000000012
DLCT2    4714390010000010   0426000001872672023030100000000000000011000927036563                                        0000010000000000000000000012
DLCT2    4714390010000010   0426000001872672023030100000000000000011000927036563                                        0000010000000000000000000012
DLCT2    4714390010000010   0426000001872672023030100000000000000011000927036563                                        0000010000000000000000000012
DLCT2    4714390010000010   0426000001872672023030100000000000000011000927036563                                        0000010000000000000000000012
DLCT2    4714390010000010   0426000001872672023030100000000000000011000927036563                                        0000010000000000000000000012
DLCT2    4714390010000010   0426000001872672023030100000000000000011000927036563                                        0000010000000000000000000012
DLCT2    4714390010000010   0426000001872672023030100000000000000011000927036563                                        0000010000000000000000000012
DLCT2    4714390010000010   0426000001872672023030100000000000000011000927036563                                        0000010000000000000000000012
DLCT2    4714390010000010   0426000001872672023030100000000000000011000927036563                                        0000010000000000000000000012
DLCT2    4714390010000010   0426000001872672023030100000000000000011000927036563                                        0000010000000000000000000012
DLCT2    4714390010000010   0426000001872672023030100000000000000011000927036563                                        0000010000000000000000000012
DLCT2    4714390010000010   0426000001872672023030100000000000000011000927036563                                        0000010000000000000000000012
DLCT2    4714390010000010   0426000001872672023030100000000000000011000927036563                                        0000010000000000000000000012
DLCT2    4714390010000010   0426000001872672023030100000000000000011000927036563                                        0000010000000000000000000012
DLCT2    4714390010000010   0426000001872672023030100000000000000011000927036563                                        0000010000000000000000000012
DLCT2    4714390010000010   0426000001872672023030100000000000000011000927036563                                        0000010000000000000000000012
DLCT2    4714390010000010   0426000001872672023030100000000000000011000927036563                                        0000010000000000000000000012
DLCT2    4714390010000010   0426000001872672023030100000000000000011000927036563                                        0000010000000000000000000012
DLCT2    4714390010000010   0426000001872672023030100000000000000011000927036563                                        0000010000000000000000000012
DLCT2    4714390010000010   0426000001872672023030100000000000000011000927036563                                        0000010000000000000000000012
DLCT2    4714390010000010   0426000001872672023030100000000000000011000927036563                                        0000010000000000000000000012
DLCT2    4714390010000010   0426000001872672023030100000000000000011000927036563                                        0000010000000000000000000012
DLCT2    4714390010000010   0426000001872672023030100000000000000011000927036563                                        0000010000000000000000000012
DLCT2    4714390010000010   0426000001872672023030100000000000000011000927036563                                        0000010000000000000000000012
DLCT2    4714390010000010   0426000001872672023030100000000000000011000927036563                                        0000010000000000000000000012
DLCT2    4714390010000010   0426000001872672023030100000000000000011000927036563                                        0000010000000000000000000012
DLCT2    4714390010000010   0426000001872672023030100000000000000011000927036563                                        0000010000000000000000000012
DLCT2    4714390010000010   0426000001872672023030100000000000000011000927036563                                        0000010000000000000000000012
DLCT2    4714390010000010   0426000001872672023030100000000000000011000927036563                                        0000010000000000000000000012
DLCT2    4714390010000010   0426000001872672023030100000000000000011000927036563                                        0000010000000000000000000012
DLCT2    4714390010000010   0426000001872672023030100000000000000011000927036563                                        0000010000000000000000000012
DLCT2    4714390010000010   0426000001872672023030100000000000000011000927036563                                        0000010000000000000000000012
DLCT2    4714390010000010   0426000001872672023030100000000000000011000927036563                                        0000010000000000000000000012
DLCT2    4714390010000010   0426000001872672023030100000000000000011000927036563                                        0000010000000000000000000012
DLCT2    4714390010000010   0426000001872672023030100000000000000011000927036563                                        0000010000000000000000000012
DLCT2    4714390010000010   0426000001872672023030100000000000000011000927036563                                        0000010000000000000000000012
DLCT2    4714390010000010   0426000001872672023030100000000000000011000927036563                                        0000010000000000000000000012
DLCT2    4714390010000010   0426000001872672023030100000000000000011000927036563                                        0000010000000000000000000012
DLCT2    4714390010000010   0426000001872672023030100000000000000011000927036563                                        0000010000000000000000000012
DLCT2    4714390010000010   0426000001872672023030100000000000000011000927036563                                        0000010000000000000000000012
DLCT2    4714390010000010   0426000001872672023030100000000000000011000927036563                                        0000010000000000000000000012
DLCT2    4714390010000010   0426000001872672023030100000000000000011000927036563                                        0000010000000000000000000012
DLCT2    4714390010000010   0426000001872672023030100000000000000011000927036563                                        0000010000000000000000000012
DLCT2    4714390010000010   0426000001872672023030100000000000000011000927036563                                        0000010000000000000000000012
DLCT2    4714390010000010   0426000001872672023030100000000000000011000927036563                                        0000010000000000000000000012
DLCT2    4714390010000010   0426000001872672023030100000000000000011000927036563                                        0000010000000000000000000012
DLCT2    4714390010000010   0426000001872672023030100000000000000011000927036563                                        0000010000000000000000000012
DLCT2    4714390010000010   0426000001872672023030100000000000000011000927036563                                        0000010000000000000000000012
DLCT2    4714390010000010   0426000001872672023030100000000000000011000927036563                                        0000010000000000000000000012
DLCT2    4714390010000010   0426000001872672023030100000000000000011000927036563                                        0000010000000000000000000012
DLCT2    4714390010000010   0426000001872672023030100000000000000011000927036563                                        0000010000000000000000000012
DLCT2    4714390010000010   0426000001872672023030100000000000000011000927036563                                        0000010000000000000000000012
DLCT2    4714390010000010   0426000001872672023030100000000000000011000927036563                                        0000010000000000000000000012
DLCT2    4714390010000010   0426000001872672023030100000000000000011000927036563                                        0000010000000000000000000012
DLCT2    4714390010000010   0426000001872672023030100000000000000011000927036563                                        0000010000000000000000000012
DLCT2    4714390010000010   0426000001872672023030100000000000000011000927036563                                        0000010000000000000000000012
DLCT2    4714390010000010   0426000001872672023030100000000000000011000927036563                                        0000010000000000000000000012
DLCT2    4714390010000010   0426000001872672023030100000000000000011000927036563                                        0000010000000000000000000012
DLCT2    4714390010000010   0426000001872672023030100000000000000011000927036563                                        0000010000000000000000000012
DLCT2    4714390010000010   0426000001872672023030100000000000000011000927036563                                        0000010000000000000000000012
DLCT2    4714390010000010   0426000001872672023030100000000000000011000927036563                                        0000010000000000000000000012
DLCT2    4714390010000010   0426000001872672023030100000000000000011000927036563                                        0000010000000000000000000012
DLCT2    4714390010000010   0426000001872672023030100000000000000011000927036563                                        0000010000000000000000000012
DLCT2    4714390010000010   0426000001872672023030100000000000000011000927036563                                        0000010000000000000000000012
DLCT2    4714390010000010   0426000001872672023030100000000000000011000927036563                                        0000010000000000000000000012
DLCT2    4714390010000010   0426000001872672023030100000000000000011000927036563                                        0000010000000000000000000012
DLCT2    4714390010000010   0426000001872672023030100000000000000011000927036563                                        0000010000000000000000000012
DLCT2    4714390010000010   0426000001872672023030100000000000000011000927036563                                        0000010000000000000000000012
DLCT2    4714390010000010   0426000001872672023030100000000000000011000927036563                                        0000010000000000000000000012
DLCT2    4714390010000010   0426000001872672023030100000000000000011000927036563                                        0000010000000000000000000012
DLCT2    4714390010000010   0426000001872672023030100000000000000011000927036563                                        0000010000000000000000000012
DLCT2    4714390010000010   0426000001872672023030100000000000000011000927036563                                        0000010000000000000000000012
DLCT2    4714390010000010   0426000001872672023030100000000000000011000927036563                                        0000010000000000000000000012
DLCT2    4714390010000010   0426000001872672023030100000000000000011000927036563                                        0000010000000000000000000012
DLCT2    4714390010000010   0426000001872672023030100000000000000011000927036563                                        0000010000000000000000000012
DLCT2    4714390010000010   0426000001872672023030100000000000000011000927036563                                        0000010000000000000000000012
DLCT2    4714390010000010   0426000001872672023030100000000000000011000927036563                                        0000010000000000000000000012
DLCT2    4714390010000010   0426000001872672023030100000000000000011000927036563                                        0000010000000000000000000012
DLCT2    4714390010000010   0426000001872672023030100000000000000011000927036563                                        0000010000000000000000000012
DLCT2    4714390010000010   0426000001872672023030100000000000000011000927036563                                        0000010000000000000000000012
DLCT2    4714390010000010   0426000001872672023030100000000000000011000927036563                                        0000010000000000000000000012
DLCT2    4714390010000010   0426000001872672023030100000000000000011000927036563                                        0000010000000000000000000012
DLCT2    4714390010000010   0426000001872672023030100000000000000011000927036563                                        0000010000000000000000000012
DLCT2    4714390010000010   0426000001872672023030100000000000000011000927036563                                        0000010000000000000000000012
DLCT2    4714390010000010   0426000001872672023030100000000000000011000927036563                                        0000010000000000000000000012
DLCT2    4714390010000010   0426000001872672023030100000000000000011000927036563                                        0000010000000000000000000012
DLCT2    4714390010000010   0426000001872672023030100000000000000011000927036563                                        0000010000000000000000000012
DLCT2    4714390010000010   0426000001872672023030100000000000000011000927036563                                        0000010000000000000000000012
DLCT2    4714390010000010   0426000001872672023030100000000000000011000927036563                                        0000010000000000000000000012
DLCT2    4714390010000010   0426000001872672023030100000000000000011000927036563                                        0000010000000000000000000012
DLCT2    4714390010000010   0426000001872672023030100000000000000011000927036563                                        0000010000000000000000000012
DLCT2    4714390010000010   0426000001872672023030100000000000000011000927036563                                        0000010000000000000000000012
DLCT2    4714390010000010   0426000001872672023030100000000000000011000927036563                                        0000010000000000000000000012
DLCT2    4714390010000010   0426000001872672023030100000000000000011000927036563                                        0000010000000000000000000012
DLCT2    4714390010000010   0426000001872672023030100000000000000011000927036563                                        0000010000000000000000000012
DLCT2    4714390010000010   0426000001872672023030100000000000000011000927036563                                        0000010000000000000000000012
DLCT2    4714390010000010   0426000001872672023030100000000000000011000927036563                                        0000010000000000000000000012
DLCT2    4714390010000010   0426000001872672023030100000000000000011000927036563                                        0000010000000000000000000012
DLCT2    4714390010000010   0426000001872672023030100000000000000011000927036563                                        0000010000000000000000000012
DLCT2    4714390010000010   0426000001872672023030100000000000000011000927036563                                        0000010000000000000000000012
DLCT2    4714390010000010   0426000001872672023030100000000000000011000927036563                                        0000010000000000000000000012
DLCT2    4714390010000010   0426000001872672023030100000000000000011000927036563                                        0000010000000000000000000012
DLCT2    4714390010000010   0426000001872672023030100000000000000011000927036563                                        0000010000000000000000000012
DLCT2    4714390010000010   0426000001872672023030100000000000000011000927036563                                        0000010000000000000000000012
DLCT2    4714390010000010   0426000001872672023030100000000000000011000927036563                                        0000010000000000000000000012
DLCT2    4714390010000010   0426000001872672023030100000000000000011000927036563                                        0000010000000000000000000012
DLCT2    4714390010000010   0426000001872672023030100000000000000011000927036563                                        0000010000000000000000000012
DLCT2    4714390010000010   0426000001872672023030100000000000000011000927036563                                        0000010000000000000000000012
DLCT2    4714390010000010   0426000001872672023030100000000000000011000927036563                                        0000010000000000000000000012
DLCT2    4714390010000010   0426000001872672023030100000000000000011000927036563                                        0000010000000000000000000012
DLCT2    4714390010000010   0426000001872672023030100000000000000011000927036563                                        0000010000000000000000000012
DLCT2    4714390010000010   0426000001872672023030100000000000000011000927036563                                        0000010000000000000000000012
DLCT2    4714390010000010   0426000001872672023030100000000000000011000927036563                                        0000010000000000000000000012
DLCT2    4714390010000010   0426000001872672023030100000000000000011000927036563                                        0000010000000000000000000012
DLCT2    4714390010000010   0426000001872672023030100000000000000011000927036563                                        0000010000000000000000000012
DLCT2    4714390010000010   0426000001872672023030100000000000000011000927036563                                        0000010000000000000000000012
DLCT2    4714390010000010   0426000001872672023030100000000000000011000927036563                                        0000010000000000000000000012
DLCT2    4714390010000010   0426000001872672023030100000000000000011000927036563                                        0000010000000000000000000012
DLCT2    4714390010000010   0426000001872672023030100000000000000011000927036563                                        0000010000000000000000000012
DLCT2    4714390010000010   0426000001872672023030100000000000000011000927036563                                        0000010000000000000000000012
DLCT2    4714390010000010   0426000001872672023030100000000000000011000927036563                                        0000010000000000000000000012
DLCT2    4714390010000010   0426000001872672023030100000000000000011000927036563                                        0000010000000000000000000012
DLCT2    4714390010000010   0426000001872672023030100000000000000011000927036563                                        0000010000000000000000000012
DLCT2    4714390010000010   0426000001872672023030100000000000000011000927036563                                        0000010000000000000000000012
DLCT2    4714390010000010   0426000001872672023030100000000000000011000927036563                                        0000010000000000000000000012
DLCT2    4714390010000010   0426000001872672023030100000000000000011000927036563                                        0000010000000000000000000012
DLCT2    4714390010000010   0426000001872672023030100000000000000011000927036563                                        0000010000000000000000000012
DLCT2    4714390010000010   0426000001872672023030100000000000000011000927036563                                        0000010000000000000000000012
DLCT2    4714390010000010   0426000001872672023030100000000000000011000927036563                                        0000010000000000000000000012
DLCT2    4714390010000010   0426000001872672023030100000000000000011000927036563                                        0000010000000000000000000012
DLCT2    4714390010000010   0426000001872672023030100000000000000011000927036563                                        0000010000000000000000000012
DLCT2    4714390010000010   0426000001872672023030100000000000000011000927036563                                        0000010000000000000000000012
DLCT2    4714390010000010   0426000001872672023030100000000000000011000927036563                                        0000010000000000000000000012
DLCT2    4714390010000010   0426000001872672023030100000000000000011000927036563                                        0000010000000000000000000012
DLCT2    4714390010000010   0426000001872672023030100000000000000011000927036563                                        0000010000000000000000000012
DLCT2    4714390010000010   0426000001872672023030100000000000000011000927036563                                        0000010000000000000000000012
DLCT2    4714390010000010   0426000001872672023030100000000000000011000927036563                                        0000010000000000000000000012
DLCT2    4714390010000010   0426000001872672023030100000000000000011000927036563                                        0000010000000000000000000012
DLCT2    4714390010000010   0426000001872672023030100000000000000011000927036563                                        0000010000000000000000000012
DLCT2    4714390010000010   0426000001872672023030100000000000000011000927036563                                        0000010000000000000000000012
DLCT2    4714390010000010   0426000001872672023030100000000000000011000927036563                                        0000010000000000000000000012
DLCT2    4714390010000010   0426000001872672023030100000000000000011000927036563                                        0000010000000000000000000012
DLCT2    4714390010000010   0426000001872672023030100000000000000011000927036563                                        0000010000000000000000000012
DLCT2    4714390010000010   0426000001872672023030100000000000000011000927036563                                        0000010000000000000000000012
DLCT2    4714390010000010   0426000001872672023030100000000000000011000927036563                                        0000010000000000000000000012
DLCT2    4714390010000010   0426000001872672023030100000000000000011000927036563                                        0000010000000000000000000012
DLCT2    4714390010000010   0426000001872672023030100000000000000011000927036563                                        0000010000000000000000000012
DLCT2    4714390010000010   0426000001872672023030100000000000000011000927036563                                        0000010000000000000000000012
DLCT2    4714390010000010   0426000001872672023030100000000000000011000927036563                                        0000010000000000000000000012
DLCT2    4714390010000010   0426000001872672023030100000000000000011000927036563                                        0000010000000000000000000012
DLCT2    4714390010000010   0426000001872672023030100000000000000011000927036563                                        0000010000000000000000000012
DLCT2    4714390010000010   0426000001872672023030100000000000000011000927036563                                        0000010000000000000000000012
DLCT2    4714390010000010   0426000001872672023030100000000000000011000927036563                                        0000010000000000000000000012
DLCT2    4714390010000010   0426000001872672023030100000000000000011000927036563                                        0000010000000000000000000012
DLCT2    4714390010000010   0426000001872672023030100000000000000011000927036563                                        0000010000000000000000000012
DLCT2    4714390010000010   0426000001872672023030100000000000000011000927036563                                        0000010000000000000000000012
DLCT2    4714390010000010   0426000001872672023030100000000000000011000927036563                                        0000010000000000000000000012
DLCT2    4714390010000010   0426000001872672023030100000000000000011000927036563                                        0000010000000000000000000012
DLCT2    4714390010000010   0426000001872672023030100000000000000011000927036563                                        0000010000000000000000000012
DLCT2    4714390010000010   0426000001872672023030100000000000000011000927036563                                        0000010000000000000000000012
DLCT2    4714390010000010   0426000001872672023030100000000000000011000927036563                                        0000010000000000000000000012
DLCT2    4714390010000010   0426000001872672023030100000000000000011000927036563                                        0000010000000000000000000012
DLCT2    4714390010000010   0426000001872672023030100000000000000011000927036563                                        0000010000000000000000000012
DLCT2    4714390010000010   0426000001872672023030100000000000000011000927036563                                        0000010000000000000000000012
DLCT2    4714390010000010   0426000001872672023030100000000000000011000927036563                                        0000010000000000000000000012
DLCT2    4714390010000010   0426000001872672023030300000000000000011000932036601                                        0000010000000000000000000012
T000000000195                                                                                                                                   
